22202
18073
16596
7034
6792
6687
6656
6614
6164
5966
5856
5529
5312
4991
4217
4112
4099
4015
3934
3745
3734
3661
3354
3350
3171
3106
2965
2744
2693
2478
2430
2389
2382
2357
2170
2096
2075
2064
1845
1756
1708
1697
1543
1543
1472
1400
1372
1327
1322
1207
1206
1131
1116
1092
1075
972
964
962
943
909
898
870
848
831
780
712
711
705
692
675
670
670
660
632
620
591
569
562
547
520
500
500
482
480
464
455
427
425
420
419
418
418
414
414
413
409
409
409
405
397
392
389
375
371
355
354
351
347
342
335
324
315
315
312
304
301
299
299
294
284
277
276
275
271
269
266
257
257
257
255
250
246
245
243
241
238
236
232
228
226
226
224
218
216
215
210
209
207
207
205
202
202
201
201
198
192
186
181
177
176
174
172
171
170
165
165
165
165
164
164
163
163
159
159
159
159
157
152
149
149
145
144
144
144
144
141
141
135
134
133
132
131
128
125
125
125
124
124
121
118
118
112
111
111
109
107
106
102
102
102
101
100
100
100
100
99
97
97
97
96
96
96
96
96
95
95
94
93
93
92
91
91
90
90
85
85
84
84
83
82
81
81
80
80
79
79
78
77
77
76
76
76
75
74
74
72
72
71
71
70
70
69
69
67
67
67
66
65
64
64
63
63
63
62
62
62
62
61
60
60
60
59
59
59
57
57
57
55
55
54
53
52
52
52
52
51
51
51
51
51
51
51
50
49
49
48
48
48
48
48
48
47
47
47
46
46
46
46
46
45
45
45
44
43
43
43
42
41
41
41
40
40
40
40
39
38
37
36
35
35
34
34
34
33
33
33
33
33
32
32
32
32
32
31
31
31
31
31
31
31
31
30
30
30
29
28
28
28
27
27
27
26
26
26
26
26
25
25
25
25
25
25
25
25
24
24
24
24
24
23
23
23
23
23
23
23
22
22
22
21
21
21
21
21
21
20
20
20
20
19
19
19
19
19
19
19
18
18
18
18
18
18
17
17
17
17
17
17
17
17
17
17
17
17
16
16
16
16
16
16
16
16
16
16
16
15
15
15
15
15
15
15
15
14
14
14
14
14
14
14
14
14
14
14
14
14
14
14
13
13
13
13
13
13
12
12
12
12
12
12
11
11
11
11
11
11
11
11
10
10
10
10
10
10
10
10
10
10
10
10
10
10
10
10
10
9
9
9
9
9
9
9
9
9
9
9
9
9
9
9
9
9
9
9
9
9
9
9
9
9
9
9
9
9
8
8
8
8
8
8
8
8
8
8
8
7
7
7
7
7
7
7
7
7
7
7
7
7
7
7
7
7
7
7
6
6
6
6
6
6
6
6
6
5
5
5
5
5
5
5
5
5
5
5
5
5
5
5
5
5
5
5
5
4
4
4
4
4
4
4
4
4
4
4
4
4
3
3
3
3
3
3
3
3
3
3
3
3
2
2
2
2
2
2
2
2
2
2
2
2
2
2
2
2
2
2
2
2
2
2
2
2
2
2
1
1
1
1
1
1
1
1
1
1