3004
2840
2012
2003
1999
1994
1988
1984
1984
1968
1130
1063
994
960
956
752
742
643
558
486
410
408
357
335
323
278
259
245
222
220
193
191
165
155
134
132
126
125
124
123
117
116
111
110
106
103
97
92
90
86
83
82
81
81
80
78
78
77
76
73
72
67
66
61
59
58
58
58
53
53
51
51
50
49
49
48
47
45
45
41
41
39
38
34
31
30
29
27
24
24
22
21
20
19
18
18
18
18
18
18
17
17
17
17
16
16
15
15
15
15
15
14
14
14
14
13
13
13
12
12
11
11
11
10
10
9
9
9
9
8
8
8
8
8
7
7
7
7
7
6
6
6
6
6
6
6
6
6
5
5
5
5
5
5
5
5
4
4
4
4
4
4
4
4
4
4
4
4
3
3
3
3
3
3
3
3
3
3
3
2
2
2
2
2
2
2
2
2
2
2
2
2
2
2
2
2
2
2
2
2
2
2
2
2
1
1
1
1
1
1
1
1
1
1
1
1
1
1
1
1
1
1
1
1
1
1
1
1
1
1
1
1