w
81060704
29622830
15047870
8320392
5594047
4146970
3231668
3698995
2979862
2499364
2146344
1807476
1507279
1286273
1092544
929748
800991
699789
626955
559033
498828
456036
415840
389472
367806
351140
306482
279250
247776
229697
210576
197769
183403
173638
159706
154980
141164
131341
124637
117963
111972
106956
99181
95071
91722
87764
82085
78252
77104
78349
71730
67148
63026
60216
58357
55976
53157
51445
48989
46596
45221
45442
41492
41389
39987
39706
37950
36345
36052
34993
33188
32275
32025
29518
29476
28477
26939
26376
26374
25093
25796
25166
24758
22849
22670
21994
21153
20514
20048
19489
19407
19054
17703
17863
17935
17372
16631
17403
17221
16048
15856
15268
15416
15321
14462
13971
13934
13173
13484
13393
12758
12864
13450
13726
13767
13239
13769
13403
14007
17724
14645
14776
13939
13460
13848
14187
13625
13228
13224
13572
12705
13024
12694
12221
11881
11382
10780
10197
10073
9460
9296
8832
8522
8359
7703
7368
7286
7108
6819
6421
6239
6706
6692
6028
5692
5797
5890
5787
5039
4811
5100
5128
5356
5001
4961
5016
5184
4720
4987
4844
4448
4353
4451
4229
4261
4495
4195
4124
4008
4161
4000
3790
3562
3761
3598
3560
3570
3849
3909
3485
3733
4163
3218
3442
3281
3403
3494
3692
3624
3563
3104
3519
3095
3063
2960
2872
2851
2878
2678
2851
2633
2641
2647
2579
2465
2479
2548
2357
2445
2483
3328
2716
2615
2371
2280
2457
2474
2210
2398
2388
2382
2220
2288
2247
2132
2418
2206
2247
2171
2063
2069
2054
1991
2179
2129
1896
1958
1880
1928
2065
1943
1918
1955
1890
1863
2140
2057
2073
1704
1846
1750
1829
1731
1730
1738
1631
1842
1781
1779
1562
1752
1743
1837
1843
1680
1589
1585
1463
1473
1622
1534
1610
1587
1441
1565
1428
1388
1495
1461
1343
1332
1277
1392
1318
1362
1469
1334
1378
1624
1264
1282
1212
1386
1305
1170
1264
1226
1165
1213
1408
1365
1501
1288
1163
1241
1632
1405
1085
1129
1232
1255
1217
1269
1079
1041
1119
1552
1566
1506
1324
1291
1130
1190
1055
1084
1257
1442
1278
976
961
941
1033
1064
956
954
940
1046
979
976
953
968
956
857
904
772
1226
1328
825
879
829
893
898
839
867
1006
1628
1471
1050
942
913
1007
1133
927
1374
1086
1042
897
949
914
825
834
729
831
765
793
843
912
772
811
734
797
793
774
702
721
865
931
798
788
880
791
841
701
682
751
740
815
721
1159
820
763
653
667
661
627
1065
674
1115
721
628
615
610
652
602
593
633
564
618
576
576
568
604
574
580
471
533
625
518
613
605
559
524
674
566
518
441
591
556
521
534
519
560
489
1082
579
488
489
504
515
450
514
455
538
530
461
483
501
512
530
464
529
448
467
522
478
489
448
418
465
452
454
426
385
440
435
460
452
394
370
540
520
430
462
381
910
393
388
346
892
399
465
418
412
387
404
405
412
373
325
438
335
443
418
347
382
873
775
398
461
360
431
423
320
403
393
349
346
366
388
354
390
389
321
376
379
404
497
342
400
373
345
311
305
307
392
377
352
329
411
379
369
387
344
415
352
324
289
308
289
296
294
306
319
360
316
288
345
313
345
430
335
312
307
414
321
307
289
247
260
249
314
303
307
306
273
327
266
246
237
249
318
258
324
265
292
296
274
295
290
281
288
249
269
272
277
311
278
324
221
268
397
247
294
254
225
312
268
235
306
217
297
267
274
267
215
261
314
240
258
236
242
233
238
255
224
259
297
238
265
217
256
242
206
226
255
268
212
219
226
199
197
230
201
188
184
290
230
213
210
243
211
223
193
220
247
255
227
201
201
207
213
248
197
199
201
198
189
176
1187
237
279
258
217
153
190
157
199
182
150
197
199
244
193
199
197
168
191
187
870
234
249
173
221
188
165
213
194
196
211
215
178
273
176
177
186
200
181
172
182
152
214
207
172
182
177
184
165
145
199
177
240
166
186
159
163
156
173
170
152
173
148
167
140
145
143
160
191
194
162
149
172
171
181
216
187
186
198
172
165
141
142
158
164
126
142
128
134
199
166
157
141
146
179
191
142
187
187
939
197
168
192
177
127
131
143
124
150
134
130
129
135
143
132
142
150
140
164
156
173
160
134
127
115
153
193
129
126
135
122
151
145
125
143
138
151
249
128
183
202
144
161
139
153
143
144
111
114
110
130
121
132
165
140
137
153
128
153
94
94
107
173
177
109
144
117
131
130
112
121
151
132
114
132
124
117
120
128
105
525
92
163
122
112
127
104
95
108
102
105
119
128
116
143
134
160
109
117
101
130
112
136
132
138
100
306
92
84
114
155
118
104
120
110
83
90
110
68
85
92
90
115
99
128
116
118
77
111
88
103
92
102
99
103
100
113
104
154
136
127
109
97
115
102
109
90
124
90
116
83
127
93
97
82
109
66
70
74
96
122
107
103
125
102
115
127
159
105
185
135
106
88
119
83
81
88
99
103
81
89
91
146
216
92
95
96
117
117
72
102
83
87
79
104
120
95
95
77
95
101
142
114
105
630
622
96
117
77
89
85
89
120
124
122
111
103
76
137
134
144
134
89
607
77
101
125
99
92
112
63
76
103
78
70
88
70
77
130
155
93
88
107
96
83
93
84
66
89
79
79
90
86
107
66
68
114
73
77
89
72
71
91
77
102
75
75
76
78
137
80
79
60
102
107
76
70
57
89
69
105
109
103
145
92
103
105
91
110
126
123
111
121
122
97
117
177
107
98
122
69
94
90
689
2161
390
910
83
78
46
65
64
56
86
95
75
67
119
85
73
65
88
69
63
63
71
73
62
63
88
129
60
58
90
81
70
59
69
81
88
58
69
68
55
74
59
73
48
74
58
67
97
65
57
86
65
75
58
151
110
84
80
90
66
134
60
41
73
61
103
85
55
57
56
70
49
50
40
62
53
61
67
83
56
51
70
51
59
69
59
71
78
70
63
56
51
60
73
67
64
65
45
60
55
79
89
74
90
1199
135
86
71
67
67
51
72
71
60
69
80
64
58
48
68
82
49
57
69
56
67
67
52
49
45
57
62
49
56
61
45
56
55
68
64
43
50
56
67
69
51
51
46
47
88
64
63
81
82
57
66
51
68
50
53
66
136
63
60
58
150
50
44
63
46
70
69
73
50
49
33
50
44
50
64
50
66
49
51
49
48
42
60
57
56
40
41
42
38
42
55
48
70
62
44
43
39
49
70
42
59
43
35
45
52
65
100
50
39
46
52
34
44
51
40
29
30
44
30
32
40
52
52
40
33
50
45
44
44
37
37
29
38
41
41
59
65
49
38
45
35
42
47
68
58
42
47
51
24
40
61
65
57
41
47
56
43
53
49
64
45
37
43
71
62
53
61
74
60
42
41
39
44
47
44
45
60
43
54
45
44
31
40
46
38
55
43
53
56
34
44
49
84
58
45
67
48
35
49
51
86
34
37
37
28
31
71
58
42
44
41
44
37
42
26
42
37
25
34
80
49
72
47
36
33
25
30
27
32
57
66
50
43
31
32
27
30
37
39
54
36
48
36
43
53
39
30
31
30
45
28
30
34
35
32
34
57
49
40
38
57
45
31
35
36
33
40
33
42
43
61
20
39
38
33
32
40
33
36
43
46
36
48
50
31
31
38
38
48
45
37
54
100
63
51
43
57
34
34
28
28
40
37
46
39
83
37
30
38
30
41
33
31
21
29
31
40
43
40
34
35
22
34
49
36
32
60
23
31
30
26
37
36
30
30
23
21
31
40
32
34
35
30
41
47
32
44
91
29
69
43
33
43
35
31
23
37
61
38
38
34
41
25
30
45
39
42
31
26
42
32
32
32
33
38
66
60
42
34
33
33
20
56
30
30
32
87
52
42
33
37
29
46
45
37
28
36
38
40
41
40
48
31
25
46
33
38
32
38
32
47
32
55
27
39
56
39
41
26
41
40
28
30
25
26
59
43
31
33
67
102
35
40
39
43
36
26
27
33
27
26
48
33
19
35
31
40
28
33
34
35
35
24
22
27
30
35
15
68
35
22
17
23
29
22
18
31
38
27
37
32
40
36
26
35
29
41
25
60
23
32
31
40
43
31
24
30
42
32
27
38
31
46
46
28
26
33
22
25
29
21
30
37
29
30
24
30
29
29
29
22
20
20
27
26
20
26
17
22
31
18
34
29
24
26
19
29
28
41
55
25
31
24
21
25
23
17
14
14
25
15
47
18
40
33
35
18
32
19
23
38
30
21
30
18
23
20
27
21
23
29
13
29
23
38
36
20
17
29
21
20
19
24
22
29
33
20
24
18
25
23
31
18
22
26
31
27
36
23
22
25
26
35
23
40
34
43
22
22
29
21
29
27
27
21
39
61
40
22
29
26
23
13
12
17
17
30
34
25
22
27
21
18
22
19
27
20
21
17
14
18
17
22
29
27
14
21
30
27
22
25
16
32
17
16
35
28
41
35
19
27
28
25
28
26
24
32
23
17
28
50
24
21
18
12
25
18
19
28
19
23
17
18
19
26
29
27
18
23
20
20
33
41
27
44
24
27
23
12
25
24
32
21
32
31
20
22
15
21
31
17
31
21
26
19
17
13
28
20
24
17
27
18
29
35
36
28
24
22
18
20
23
30
38
41
19
22
27
34
22
17
23
19
19
29
15
31
12
13
12
11
20
26
21
23
22
13
14
15
20
19
19
25
23
15
12
16
20
16
13
26
15
27
17
20
35
16
6
15
34
30
33
43
34
31
34
22
34
18
23
18
11
20
15
15
16
33
19
17
12
16
21
22
26
14
19
23
23
28
21
33
20
26
20
24
22
19
22
19
16
20
36
23
12
24
31
16
30
15
15
14
31
20
25
19
13
17
19
17
15
10
19
22
15
28
17
15
33
15
7
29
20
25
19
18
20
22
13
19
26
28
6
6
15
38
24
26
9
22
17
17
14
15
24
35
28
12
19
24
11
13
46
12
18
15
18
12
19
15
31
32
15
36
35
25
21
22
24
14
17
24
23
22
16
6
18
24
16
13
20
30
10
13
26
10
17
38
21
13
18
18
28
38
18
11
14
14
20
11
17
24
19
27
18
14
22
15
14
19
18
15
8
29
24
22
22
10
19
21
16
14
18
15
25
22
11
14
10
18
19
16
16
28
8
16
15
10
17
23
12
21
14
16
38
18
14
12
16
29
24
24
13
14
16
24
66
21
32
16
25
21
20
31
20
17
18
18
19
31
17
22
18
13
19
13
11
29
13
17
18
14
12
32
23
17
12
15
18
14
10
20
25
21
16
11
13
11
18
12
14
22
18
16
16
16
10
12
11
13
11
10
8
7
15
12
10
11
20
11
9
14
12
14
14
18
13
15
6
18
14
13
14
13
9
9
17
20
42
28
10
11
9
13
5
20
20
10
14
11
13
9
23
21
14
7
48
23
14
15
6
13
14
12
18
14
10
14
13
3
9
9
12
16
25
15
31
15
24
13
6
8
19
15
6
24
22
9
11
46
28
17
30
17
33
13
7
10
58
17
15
19
9
9
12
7
6
16
8
16
7
11
16
8
11
13
14
22
10
14
11
20
33
17
32
12
17
11
12
9
13
11
8
22
7
13
6
9
16
9
10
10
11
7
10
8
16
14
12
16
32
20
25
9
14
15
10
13
7
8
12
9
15
6
10
6
14
6
14
20
9
7
33
18
8
19
14
24
18
23
39
10
17
17
24
16
8
12
12
20
17
8
11
23
22
18
8
13
10
15
13
7
7
15
17
14
18
9
8
2
11
14
3
14
5
4
8
19
7
16
11
14
7
12
14
12
9
16
11
4
3
10
13
9
12
8
10
24
21
7
16
21
1
4
8
13
8
9
9
20
15
48
23
15
18
7
8
16
21
16
15
15
8
9
11
13
13
6
11
21
30
32
22
32
26
14
21
25
17
9
7
13
12
7
7
12
4
9
6
9
14
18
10
34
29
15
19
13
9
15
7
9
8
13
50
16
13
9
8
14
15
7
11
14
10
8
9
12
18
14
16
6
12
20
17
18
9
26
11
11
14
5
12
22
10
16
10
27
13
23
12
8
9
9
15
18
16
19
24
22
7
16
10
27
20
19
14
10
14
7
13
16
29
23
9
6
13
19
18
8
14
16
8
10
13
7
8
10
10
15
9
753
1779
648
495
142
73
37
47
27
26
16
15
26
20
35
27
21
16
12
13
27
19
14
20
17
14
7
6
21
26
27
19
13
9
12
7
51
20
12
6
15
11
14
24
26
21
9
11
13
9
19
17
26
78
32
32
28
9
13
21
18
17
14
9
12
9
6
13
15
11
7
13
10
10
9
18
12
13
19
16
6
8
5
6
5
7
9
9
13
5
15
18
14
21
13
4
14
16
17
12
11
11
13
9
12
9
6
13
10
8
9
8
7
9
9
13
7
11
5
9
34
11
9
10
11
7
12
7
14
21
19
44
24
12
16
17
10
25
16
8
24
23
27
28
21
14
6
5
11
6
5
13
9
12
9
17
14
23
69
21
7
10
3
6
6
8
10
9
5
7
10
5
7
6
8
13
9
11
5
7
9
13
28
21
10
6
8
10
3
10
15
20
22
24
24
35
30
19
15
16
14
12
11
13
3
4
12
16
7
9
5
9
6
13
9
6
5
10
9
20
13
29
24
16
7
7
8
6
3
10
6
10
15
13
37
29
30
61
33
32
39
13
12
6
5
7
6
8
10
7
8
12
6
3
11
3
12
9
14
12
2
9
9
14
20
14
31
16
9
10
11
87
15
17
13
12
6
5
11
12
14
20
21
10
4
8
10
6
7
44
6
36
7
9
12
22
22
23
22
20
19
21
32
36
25
30
34
24
26
22
6
7
10
8
7
18
12
14
19
20
15
14
16
10
4
8
10
22
18
20
32
23
28
16
10
5
6
10
7
5
4
10
8
16
47
26
11
6
9
10
10
9
28
26
32
14
10
16
18
25
29
28
19
20
29
14
14
19
30
27
23
16
10
17
11
29
27
30
11
14
8
9
10
22
26
31
27
9
12
12
9
12
26
12
24
35
53
32
38
18
12
15
7
8
13
10
10
15
43
36
17
38
16
17
25
14
35
41
23
42
33
29
19
17
29
23
27
17
10
9
12
20
26
31
24
27
20
18
23
14
12
19
33
11
9
11
17
29
20
11
29
34
42
42
41
39
34
31
29
19
33
49
45
45
27
20
9
9
12
21
19
24
18
25
34
33
34
23
12
10
17
18
18
11
10
10
11
12
14
27
12
10
4
10
13
27
24
24
31
13
6
8
11
3
6
6
11
4
6
8
9
6
10
13
11
11
5
8
5
5
11
10
9
7
7
9
8
6
9
9
7
5
8
6
7
4
4
11
8
6
3
5
8
11
5
5
9
6
6
3
4
2
5
6
31
11
7
11
10
12
6
9
4
7
9
11
11
12
33
7
8
8
7
5
6
10
3
3
4
8
4
8
7
8
13
12
6
1
6
9
10
5
6
8
4
10
9
4
8
5
5
5
2
4
7
5
8
5
3
4
3
4
6
5
7
8
5
5
7
10
5
5
4
6
4
18
18
6
6
3
7
8
5
2
2
8
7
10
5
10
2
4
6
4
6
6
4
5
6
5
4
6
7
7
2
5
10
4
8
8
11
3
8
6
318
190
8
10
4
13
5
12
3
8
9
6
3
10
6
5
10
6
9
4
4
5
7
2
8
4
3
11
18
16
11
6
7
7
9
11
12
8
7
1
5
6
7
8
19
13
9
4
4
9
7
10
6
6
6
9
14
2
4
6
8
9
7
10
6
3
5
9
3
3
9
3
4
4
10
6
4
6
6
6
15
5
8
7
6
7
8
5
1
41
17
8
3
4
8
5
5
3
7
7
4
1
7
3
5
4
12
2
6
5
3
1
4
4
4
3
6
2
6
6
4
8
6
5
4
8
1
4
1
3
5
5
6
7
3
6
6
10
8
4
5
1
19
7
7
5
3
4
7
8
4
5
3
8
10
6
3
3
5
3
9
3
5
4
5
6
9
2
7
6
7
8
8
5
11
3
9
6
3
7
13
10
8
10
9
5
4
5
4
7
15
19
9
4
5
2
10
8
14
4
8
2
2
8
7
17
6
4
11
8
4
5
4
9
4
5
5
6
2
2
9
9
1
4
9
7
7
6
3
3
1
5
8
6
4
5
6
6
3
7
4
1
9
1
10
4
2
2
6
5
2
7
9
3
6
5
5
7
4
2
4
5
6
14
4
6
26
15
5
11
1
4
8
4
4
4
2
6
4
2
5
5
2
3
3
5
5
5
5
5
1
3
7
4
4
6
3
7
10
5
5
1
5
5
2
3
2
3
1
6
1
7
7
7
15
18
2
7
3
3
8
2
2
4
5
6
1
14
5
2
8
8
2
2
5
2
6
6
6
6
3
4
4
4
4
2
6
12
7
5
5
6
4
4
3
7
7
3
4
4
2
5
2
7
11
7
4
4
8
7
4
2
5
5
3
4
2
3
2
6
2
3
4
5
3
3
1
3
3
4
3
5
3
2
2
4
4
3
8
4
7
6
8
4
3
2
3
5
5
4
7
2
4
3
3
5
5
5
1
5
6
1
3
7
1
6
1
6
6
2
6
3
6
2
4
10
3
9
3
7
7
2
3
2
6
13
14
14
2
33
2
6
8
11
10
3
3
4
7
7
4
4
3
3
5
1
1
6
7
5
3
4
3
4
4
4
3
5
3
6
6
2
11
7
1
3
5
5
7
13
7
5
5
1
3
8
2
5
4
9
3
14
12
8
4
2
2
7
6
6
2
1
3
6
2
4
3
4
3
1
2
4
3
3
4
4
1
7
3
3
5
2
7
5
3
5
4
5
7
3
6
3
4
3
2
6
6
3
8
7
4
9
2
6
4
4
4
1
5
4
5
12
5
5
2
6
49
4
11
9
12
12
7
3
4
4
3
5
6
6
10
4
4
8
6
2
4
5
9
7
11
4
3
5
6
7
3
3
4
6
3
7
5
3
10
6
5
9
7
3
6
6
10
5
6
1
3
5
7
6
2
4
3
1
7
2
8
3
4
2
4
1
7
1
7
4
6
2
8
2
3
2
4
4
5
3
2
5
1
2
2
1
2
2
2
8
6
6
10
5
32
3
4
7
4
4
3
2
3
2
4
6
2
5
3
4
1
2
3
1
5
2
8
4
2
3
4
5
5
5
3
5
14
8
2
5
3
2
1
4
3
3
4
2
7
8
4
2
4
6
8
9
7
4
5
6
5
6
6
3
7
6
7
5
6
2
5
2
7
5
4
1
6
4
2
5
2
3
6
1
4
4
285
267
12
3
5
1
4
2
6
4
2
4
4
5
3
5
3
1
3
1
6
3
10
2
2
2
2
3
1
3
5
1
4
4
3
1
6
3
3
2
10
4
7
5
6
3
5
2
5
5
2
5
5
4
5
5
4
2
2
4
2
1
3
2
7
7
4
6
9
4
1
6
4
3
1
3
7
4
5
3
6
1
3
1
3
3
3
3
2
2
4
3
4
5
5
1
1
6
5
4
3
1
1
3
4
8
8
13
8
6
4
6
8
3
4
5
17
5
3
7
3
4
2
3
1
6
2
1
1
1
3
3
2
7
2
2
4
3
2
3
3
1
1
2
3
4
1
3
3
1
4
3
5
6
5
3
10
6
1
5
4
9
8
4
1
1
3
6
9
4
3
2
4
3
1
2
6
3
3
3
1
4
3
4
3
2
3
30
8
1
4
3
1
5
5
3
3
2
4
5
4
4
3
1
1
2
4
1
4
6
2
4
2
4
4
2
1
3
5
5
4
1
5
11
3
1
2
3
3
5
3
9
3
2
5
27
3
6
6
2
2
5
2
2
5
2
3
3
3
5
2
2
3
3
1
3
20
3
4
5
1
3
5
1
5
2
1
2
5
4
5
3
3
1
2
2
2
3
3
5
9
3
1
6
3
6
2
3
3
7
2
7
6
4
6
6
2
2
7
11
9
3
6
7
10
10
2
3
7
1
2
9
5
2
10
2
1
3
4
1
3
5
3
5
2
4
4
3
6
8
5
5
5
4
5
1
7
1
2
1
2
5
7
3
4
2
4
3
1
3
1
5
2
3
3
5
5
3
3
1
5
3
2
3
2
2
1
7
6
5
3
4
6
4
1
7
2
4
2
1
4
1
1
3
5
1
1
1
3
1
3
4
3
5
7
1
3
2
4
5
1
5
1
2
8
4
1
3
6
3
1
10
4
6
4
6
5
2
2
8
1
4
2
5
4
2
1
2
3
2
9
1
5
2
2
1
3
3
6
1
6
4
2
8
5
2
2
1
7
4
3
1
2
6
1
1
8
1
3
1
4
2
5
2
1
4
6
3
3
4
4
3
5
1
3
2
1
2
2
1
2
1
2
2
1
7
2
1
3
2
2
3
2
2
7
2
3
6
3
2
2
1
2
2
6
5
3
5
2
5
3
2
5
2
4
8
10
5
7
5
4
1
5
3
1
1
3
5
3
4
3
5
3
5
1
1
2
4
1
1
3
2
3
4
2
5
5
2
1
4
1
5
3
1
7
5
25
11
5
3
3
4
2
6
2
3
3
2
3
3
3
7
5
4
3
3
10
5
5
9
4
5
5
4
5
4
3
3
6
2
2
3
3
1
2
6
4
4
4
7
2
5
4
2
2
1
2
9
4
3
2
9
3
3
6
6
3
3
2
5
3
3
7
4
2
2
3
6
4
5
3
3
3
5
2
3
2
4
2
2
4
7
4
4
4
2
2
3
4
1
10
4
9
2
3
2
2
3
1
1
2
3
8
1
6
1
3
1
1
4
1
2
5
2
1
3
2
3
2
6
4
3
3
8
5
8
3
2
3
6
4
3
1
2
4
5
2
7
4
2
5
3
4
1
2
5
3
5
5
2
5
5
6
5
3
3
2
3
2
3
3
3
27
15
2
2
3
1
5
2
5
2
3
2
1
1
3
4
3
3
2
3
3
2
6
10
4
5
7
2
2
2
3
1
2
3
1
3
1
1
4
2
1
8
3
2
3
2
8
3
1
2
2
1
2
1
2
1
1
4
2
1
2
2
1
3
1
3
3
3
5
5
1
3
1
3
3
3
2
1
3
2
2
2
2
3
5
4
1
3
5
3
2
4
2
2
1
1
3
3
2
3
1
2
3
2
2
3
1
2
1
5
4
6
4
1
1
1
3
4
1
1
1
3
6
2
2
2
4
3
2
2
5
3
8
5
4
5
1
3
1
2
1
1
2
3
2
1
3
2
2
1
4
1
1
2
1
17
11
2
4
3
2
2
3
1
2
2
1
1
3
3
5
2
2
3
1
2
2
1
2
1
1
2
4
2
3
4
4
5
4
1
1
6
5
5
1
3
1
1
2
2
1
1
2
1
2
2
3
3
1
2
1
4
1
2
4
16
15
8
4
6
1
2
2
2
4
3
2
1
1
4
2
2
6
2
2
4
4
2
2
1
4
1
4
4
8
1
2
1
3
1
1
1
1
1
2
2
5
2
3
2
5
4
7
2
4
9
1
3
1
5
3
1
3
1
2
2
1
1
5
1
2
2
3
2
3
2
1
2
4
2
13
6
3
1
1
1
4
1
1
3
1
4
3
2
1
4
2
1
2
2
3
1
2
4
1
3
1
1
3
2
2
2
1
1
3
2
11
1
2
1
1
4
2
5
1
2
1
1
3
11
1
8
2
2
2
2
2
3
2
3
2
3
4
5
3
4
2
1
1
1
2
2
3
2
1
1
1
1
2
2
4
3
2
2
4
2
2
1
1
1
3
1
4
2
3
1
2
3
1
2
1
1
2
2
2
3
2
2
1
1
1
2
2
5
1
1
1
4
1
5
3
1
3
1
4
3
2
12
3
2
2
3
1
4
2
3
1
2
1
1
3
2
1
1
1
1
3
4
3
2
3
4
3
1
1
2
1
1
4
2
1
2
1
2
3
2
2
2
3
3
4
1
2
1
2
1
7
1
1
3
3
2
1
3
3
9
6
1
3
3
1
2
1
3
1
3
3
2
2
3
2
1
1
1
1
1
5
2
5
1
1
1
1
5
2
3
2
1
1
1
1
3
1
2
2
1
4
28
7
3
4
1
2
2
1
2
3
2
2
3
4
2
5
3
1
4
1
1
1
1
2
2
7
7
2
4
2
3
4
3
1
3
3
2
2
3
4
3
1
2
4
1
2
3
3
1
2
3
3
1
1
1
2
2
3
2
2
3
1
1
1
3
4
2
2
4
4
2
2
3
1
1
5
4
1
2
2
2
3
11
6
2
7
7
4
3
1
2
2
1
1
3
1
1
4
1
2
5
1
4
2
1
5
1
5
2
3
3
4
26
14
2
2
1
1
2
3
3
2
1
2
1
1
4
1
2
1
1
3
2
1
3
1
2
3
2
3
3
2
5
2
1
1
4
2
2
5
4
1
6
3
11
1
2
5
4
3
2
3
5
2
2
2
5
1
2
1
2
3
3
2
2
3
1
2
3
2
3
3
2
4
1
1
4
2
1
1
1
1
3
2
2
1
1
2
3
3
3
4
1
3
1
2
3
4
7
10
8
21
4
1
2
5
2
2
1
1
3
2
2
5
1
1
7
6
5
2
2
8
1
2
3
4
4
1
6
51
6
2
4
3
1
3
1
1
1
3
6
2
3
7
4
2
2
1
4
1
3
1
2
1
2
1
2
5
13
36
3
1
1
2
3
3
3
4
1
2
7
3
1
2
1
3
2
2
2
3
1
1
1
4
4
3
1
2
2
1
2
1
1
1
1
3
1
3
4
2
3
9
1
1
2
3
5
2
2
1
2
1
1
2
2
4
1
1
1
4
3
2
1
3
1
2
2
1
2
5
4
4
1
1
2
2
3
5
1
4
2
2
1
42
9
43
12
4
2
3
2
2
1
2
1
1
1
2
1
3
1
1
2
1
43
12
2
3
3
1
1
3
1
2
1
1
1
4
1
10
1
1
1
1
1
2
1
3
1
1
2
2
4
3
1
3
3
3
3
3
2
3
2
1
2
2
1
4
1
1
1
2
2
1
1
2
3
2
3
3
2
4
3
1
1
1
2
5
1
2
1
2
2
1
1
2
5
2
1
3
1
3
4
1
2
2
1
2
2
2
1
8
4
2
1
2
2
1
22
6
2
7
1
2
3
1
2
1
2
1
3
9
1
5
2
4
2
4
3
5
2
3
1
2
1
3
2
1
1
1
1
3
3
1
1
1
1
1
1
2
3
2
1
1
5
5
3
3
1
4
3
2
2
2
1
4
1
2
3
1
1
1
3
3
3
1
1
2
1
2
1
1
1
1
1
2
1
2
1
2
2
1
8
1
4
2
1
1
5
6
1
2
1
1
4
2
3
2
1
2
1
1
1
3
1
1
1
1
1
2
1
1
5
2
4
5
1
3
5
3
1
1
3
1
2
2
1
1
2
2
1
2
2
2
3
1
1
1
2
2
2
1
1
4
1
3
2
1
2
1
1
2
1
1
1
4
1
4
1
3
4
1
3
1
1
1
1
1
1
1
2
1
1
4
18
1
2
3
1
1
4
1
2
2
1
3
1
1
1
1
1
3
1
1
1
1
1
1
2
3
1
1
1
2
1
1
1
2
4
7
2
1
4
1
1
1
1
1
1
1
2
1
1
2
1
2
1
1
1
2
2
2
1
1
1
1
1
1
1
2
2
2
2
1
1
1
1
1
1
9
2
1
3
2
1
1
1
2
1
1
2
3
2
1
1
2
2
1
1
8
2
1
1
1
1
3
2
2
1
1
2
1
2
1
1
1
2
1
1
1
1
2
1
1
1
1
1
2
3
1
2
2
1
3
2
2
2
2
1
1
2
2
2
2
1
2
1
1
1
2
21
2
1
2
1
2
1
1
1
3
1
2
3
1
2
1
2
3
1
1
1
1
2
2
1
6
3
1
12
2
1
5
1
1
1
3
1
3
2
4
3
2
2
5
1
1
2
3
1
3
2
1
1
2
4
1
2
1
7
3
1
1
1
2
1
1
2
2
2
2
1
3
2
2
1
3
4
4
1
3
1
2
1
1
4
2
1
4
2
1
1
2
1
2
1
1
1
4
4
1
2
1
1
2
1
1
1
23
5
4
1
6
4
2
10
3
1
3
2
3
3
1
4
1
1
1
1
1
2
7
1
3
3
2
1
1
1
2
1
3
1
1
1
1
1
1
1
2
4
4
2
1
2
4
2
2
3
1
1
1
3
1
10
1
1
2
2
1
1
2
3
4
1
1
2
2
1
2
2
1
2
3
2
1
1
1
1
2
2
1
1
1
5
6
2
3
3
1
1
1
1
1
1
1
2
1
1
1
2
2
1
1
3
8
1
2
3
5
2
3
1
1
1
2
2
2
1
1
2
1
1
2
1
1
1
3
2
2
2
3
1
6
2
1
1
1
2
1
2
2
1
1
1
2
2
2
1
1
2
2
1
1
1
1
2
1
1
2
5
4
2
2
3
2
3
5
2
3
1
2
1
1
2
4
2
1
2
1
2
2
1
1
1
1
1
1
1
2
1
8
1
2
1
1
3
2
1
2
3
1
2
2
2
2
14
1
3
1
2
1
1
2
1
1
1
1
2
5
1
5
2
2
3
1
3
2
1
2
1
1
1
2
1
1
1
1
1
1
2
3
2
1
1
1
2
1
1
1
1
1
2
1
1
1
1
2
1
3
2
1
1
1
2
1
1
2
1
2
1
3
2
1
3
1
1
2
1
2
2
2
2
2
1
1
1
1
1
1
1
1
1
1
1
1
3
1
2
1
1
2
3
2
3
1
1
1
1
1
2
1
1
1
1
1
1
1
1
2
1
1
3
2
1
1
2
1
1
4
1
3
1
1
1
2
4
2
2
2
2
2
3
2
1
1
2
1
1
7
1
1
2
1
2
2
3
2
1
1
2
1
1
1
3
1
1
1
1
1
2
1
1
2
2
1
1
1
1
1
1
2
2
1
2
1
1
1
1
1
1
2
1
1
2
1
1
1
3
1
17
11
3
3
1
2
2
1
1
2
1
2
1
1
1
2
1
1
1
1
1
2
1
2
1
9
1
1
2
2
1
1
1
1
1
1
2
2
1
1
8
2
1
2
2
1
1
1
1
1
2
3
2
1
1
1
1
2
1
1
1
1
1
2
3
1
1
2
3
1
2
3
1
2
1
1
1
3
2
2
2
3
4
1
7
1
1
1
1
2
1
2
1
1
1
2
2
1
22
2
4
2
1
2
2
1
1
1
2
2
1
1
1
1
1
1
1
1
1
1
1
1
1
1
1
3
1
1
1
2
5
1
2
1
2
2
1
3
1
2
2
2
1
2
3
2
1
1
2
1
1
2
3
1
1
1
2
1
6
1
2
3
7
1
1
3
1
1
1
1
3
2
2
1
1
8
1
2
2
1
1
1
4
1
1
3
3
2
1
1
1
1
1
1
2
1
2
1
1
1
1
1
1
1
1
2
2
1
1
2
2
1
1
1
1
2
1
1
3
7
1
1
1
1
1
1
2
2
2
1
4
2
1
1
1
2
1
2
2
3
2
1
13
1
1
2
11
3
2
3
2
2
1
1
3
1
2
1
1
4
11
1
2
2
2
1
1
4
1
1
1
2
1
1
1
1
1
1
1
2
2
1
1
2
3
1
1
1
2
1
2
1
1
1
1
1
1
2
1
3
3
2
1
1
1
1
1
1
1
1
1
1
1
1
1
1
1
3
1
1
2
1
1
9
2
2
1
1
1
1
2
3
1
2
2
1
1
1
1
2
2
3
2
1
3
2
1
1
2
1
1
3
1
1
2
1
1
1
1
3
2
2
1
2
1
1
3
1
3
1
1
2
2
1
1
2
1
1
1
5
1
1
1
1
1
1
3
1
1
2
1
1
3
1
1
1
1
1
2
1
1
1
2
1
2
1
1
3
1
1
1
2
3
1
1
1
10
1
1
1
1
2
1
1
1
3
1
2
3
1
1
1
3
1
1
1
2
4
4
2
2
1
1
1
1
1
2
1
1
2
2
1
2
1
1
1
1
1
2
2
1
1
1
2
1
3
1
2
1
2
2
1
1
2
1
1
1
1
1
1
2
2
1
1
1
1
1
2
2
1
2
1
1
1
1
1
1
2
1
1
2
1
1
2
1
1
1
1
1
2
1
1
2
1
11
5
1
1
2
1
1
3
1
1
1
1
1
2
2
1
1
2
1
1
1
1
1
1
1
1
2
1
2
1
2
1
1
2
2
3
1
1
1
2
1
1
1
1
1
1
1
1
1
1
2
1
1
1
2
1
2
1
2
2
2
2
1
2
1
1
1
1
1
1
1
1
1
1
1
1
1
1
1
2
2
1
2
2
1
2
1
1
2
1
1
2
2
1
1
1
1
2
2
1
1
1
2
2
1
2
1
2
2
1
2
1
1
1
1
1
2
2
1
1
1
2
2
1
1
1
2
2
2
3
1
1
1
2
1
1
1
1
2
1
1
2
1
1
1
1
1
2
3
1
1
1
1
1
1
1
1
1
1
1
1
1
1
2
3
5
2
2
1
1
1
2
1
1
1
2
1
2
4
7
2
1
8
1
1
1
1
1
1
1
1
2
1
1
1
1
1
4
3
2
1
1
2
1
1
1
1
1
1
1
2
2
1
2
5
1
1
1
1
1
2
2
1
2
1
1
1
2
2
1
1
2
1
4
1
1
2
1
2
2
2
2
1
1
1
1
1
1
1
1
1
1
1
1
1
1
1
1
2
1
1
1
1
1
1
1
2
2
1
1
1
1
1
1
1
1
2
3
1
1
1
1
1
1
1
1
1
1
1
2
1
1
1
1
1
2
1
1
1
1
1
1
2
1
1
1
1
2
2
2
1
2
2
1
2
1
1
1
1
1
1
1
1
1
2
2
1
1
1
1
1
1
1
1
2
1
2
1
1
1
2
1
1
1
1
1
1
1
1
1
1
1
2
1
1
2
1
1
2
3
1
1
1
2
1
3
1
1
2
1
1
1
1
2
3
2
2
2
2
1
1
1
1
1
1
1
11
3
1
1
1
1
1
1
1
1
1
1
1
2
1
2
1
1
1
1
1
2
1
1
1
1
1
2
1
1
1
6
1
1
1
3
1
1
1
1
2
1
1
11
1
6
1
1
1
1
1
1
1
1
1
1
1
1
1
1
2
1
1
1
2
1
1
1
1
1
2
1
2
1
1
1
1
1
1
1
1
2
1
1
1
2
1
1
1
1
2
1
1
3
1
1
1
1
1
1
1
1
2
1
1
1
1
1
2
1
1
1
1
1
1
2
1
1
1
1
1
2
1
1
1
1
1
2
2
1
1
1
1
2
1
1
3
1
1
2
2
1
2
1
1
2
1
2
1
1
1
1
1
1
1
1
1
1
2
1
1
1
1
2
1
2
1
1
1
1
1
1
1
1
1
1
1
1
1
1
1
1
2
2
1
1
1
1
2
1
1
2
1
1
1
2
1
1
1
1
1
2
1
4
1
2
1
1
1
8
3
3
1
1
1
1
2
1
1
1
1
1
1
1
1
1
1
1
1
1
1
1
1
1
2
1
1
1
1
1
1
1
1
1
1
1
1
1
1
1
1
1
1
1
1
1
1
1
1
1
1
1
1
1
2
2
1
2
2
1
2
1
2
1
1
1
2
2
1
2
1
1
1
2
1
1
1
1
1
2
1
1
1
2
2
8
4
4
5
2
2
1
1
1
2
1
2
1
1
2
1
1
3
1
1
1
1
1
1
1
1
2
1
1
1
1
1
1
1
1
1
1
1
1
1
1
1
1
1
1
1
1
1
2
2
1
1
1
1
1
1
1
1
2
1
1
1
1
2
1
1
1
1
1
1
1
2
1
1
1
1
2
1
2
1
1
1
3
10
1
1
1
1
3
2
6
3
4
2
1
3
4
5
6
3
2
2
1
3
5
1
4
1
3
1
1
1
1
1
1
1
1
1
2
2
1
1
1
2
1
1
1
1
1
1
1
1
1
1
1
1
1
2
1
1
1
1
1
1
2
1
1
1
1
1
2
1
2
1
1
1
3
3
1
1
1
1
1
1
1
1
1
1
1
1
5
12
3
3
1
1
1
1
1
1
1
2
1
1
1
2
1
1
1
1
2
1
5
1
1
2
1
2
5
9
2
2
3
1
2
1
2
1
1
2
1
2
1
1
1
3
1
1
2
1
1
1
1
1
1
1
2
1
1
1
1
1
1
1
1
1
1
1
1
1
2
1
1
1
2
1
1
1
2
1
2
1
1
1
2
1
2
1
1
1
2
1
1
2
1
1
1
1
1
1
2
1
1
2
1
1
1
1
1
1
1
1
1
1
1
1
2
1
1
1
1
1
2
1
1
1
1
1
1
1
1
1
1
1
2
2
2
2
1
2
1
1
1
2
1
1
1
1
1
1
1
1
1
1
1
1
1
9
1
1
1
2
1
1
1
1
1
1
1
1
1
1
1
1
1
1
1
1
1
3
2
1
4
1
2
2
1
2
1
1
1
1
1
1
1
1
1
1
2
3
1
1
1
1
1
1
1
1
1
1
1
1
1
1
1
3
1
1
1
1
1
2
1
1
1
1
2
1
1
1
2
1
1
1
2
1
1
1
1
2
1
1
1
1
1
1
3
2
1
3
1
1
1
1
1
1
1
1
1
1
1
2
1
1
1
1
1
1
3
1
1
2
1
1
1
1
1
1
1
1
7
3
1
1
1
1
1
1
2
1
1
1
2
1
2
1
1
1
1
1
1
1
1
1
3
1
1
1
1
1
1
1
1
3
2
2
1
1
2
1
1
1
1
1
1
1
1
1
1
1
1
2
1
1
1
1
1
1
2
1
1
1
1
3
1
3
1
1
2
1
1
1
1
1
1
1
1
1
1
1
1
1
1
1
1
1
1
1
1
1
1
1
1
1
1
1
1
1
1
1
1
1
1
1
2
2
2
1
6
1
1
2
2
1
1
1
1
1
1
1
1
1
1
1
1
1
1
2
1
1
1
1
1
1
3
17
1
1
3
1
1
2
1
2
1
1
1
1
1
1
2
1
1
2
1
1
1
1
1
1
1
1
1
1
1
1
1
1
1
1
1
1
1
1
3
2
1
1
1
2
1
1
6
2
1
2
2
2
1
1
1
1
2
1
1
1
1
1
4
1
1
1
1
1
1
1
1
1
1
1
1
2
1
1
2
5
1
1
1
1
1
1
1
1
1
1
1
1
1
1
1
1
1
1
1
1
1
1
1
1
1
1
1
1
1
1
1
1
2
1
1
1
1
1
1
1
1
1
1
1
1
1
1
1
1
1
2
1
2
1
3
3
1
1
1
1
1
1
1
3
1
1
1
1
2
1
1
1
1
1
1
1
2
1
1
1
1
1
1
1
1
1
1
1
1
1
1
1
1
1
1
1
1
1
2
2
1
1
1
1
1
1
1
1
1
1
1
1
1
1
1
1
1
1
1
1
1
1
1
1
1
2
1
1
1
1
1
1
1
1
1
1
1
1
1
1
1
1
1
2
1
1
1
1
2
1
1
1
1
1
1
1
1
1
1
3
1
1
1
1
1
1
1
1
1
1
1
1
1
1
1
1
1
1
1
1
1
1
1
1
1
1
1
1
1
1
1
1
1
2
1
3
1
1
1
1
2
1
1
1
1
1
1
1
1
1
1
1
1
1
1
1
1
1
1
1
1
1
1
1
1
1
1
1
1
1
1
1
1
1
1
1
1
1
1
1
1
1
1
1
1
1
1
1
1
1
1
1
1
1
1
1
1
1
1
1
1
1
1
1
1
1
1
1
2
1
2
1
1
1
1
1
1
1
1
1
1
1
1
1
1
1
1
1
1
1
1
1
1
1
1
1
1
1
1
1
1
1
1
1
1
1
1
1
1
1
1
1
1
1
1
1
1
1
1
1
1
1
1
1
1
2
2
1
1
1
1
1
2
1
1
1
1
1
1
1
1
1
1
1
1
1
1
1
2
1
1
1
1
1
1
1
1
1
2
2
1
1
1
1
1
1
3
1
1
1
2
1
1
1
1
1
1
1
1
1
1
1
1
1
2
1
1
1
1
2
1
1
1
1
1
1
2
1
1
1
1
1
1
1
1
1
1
1
1
1
1
1
1
1
1
1
1
1
9
1
1
1
1
1
1
1
1
2
1
1
2
1
1
1
1
1
1
1
1
2
14
1
1
1
1
1
1
1
3
1
1
1
1
1
1
1
1
1
1
1
1
1
1
1
1
1
1
2
2
1
1
1
1
2
3
3
1
1
1
1
1
1
1
1
1
1
1
1
1
1
1
2
7
1
1
6
1
1
1
1
6
1
4
1
2
19
1
1
1
1
1
3
1
1
1
1
1
1
1
1
2
1
2
1
1
1
1
2
1
1
1
1
1
1
1
1
1
1
1
2
2
1
1
1
1
1
1
1
1
1
2
1
4
2
1
2
1
1
1
1
1
1
1
1
1
1
1
1
1
1
1
1
1
1
2
1
2
1
1
1
2
1
1
1
1
1
1
1
1
1
1
1
1
2
1
1
1
1
1
1
1
1
1
1
1
1
1
1
1
1
1
1
2
1
1
1
1
2
1
1
1
1
1
1
1
1
1
1
1
1
1
1
1
1
1
1
1
1
1
2
1
1
1
1
1
1
1
1
1
1
1
1
1
1
1
1
1
1
1
1
1
1
1
1
1
1
1
1
1
1
1
1
1
1
1
1
1
1
1
1
1
1
2
1
1
1
1
2
1
1
1
1
1
1
1
1
2
1
1
1
1
1
1
1
1
1
2
1
1
1
2
2
1
1
1
1
1
1
1
1
1
1
1
1
1
1
1
1
1
1
1
1
1
1
1
1
1
1
2
1
1
3
12
1
1
1
1
1
1
1
1
1
1
1
1
1
1
1
1
1
1
1
1
1
1
1
1
1
1
1
1
1
1
1
1
2
1
1
1
1
1
2
3
2
2
1
1
1
1
1
1
1
1
1
1
1
1
1
1
1
1
1
1
1
1
1
1
2
1
5
1
4
1
1
1
2
1
1
2
2
1
1
1
1
1
1
1
1
1
1
1
1
1
1
1
1
1
1
1
1
1
1
1
1
1
1
1
1
1
1
1
1
1
1
1
1
1
1
1
1
2
1
1
1
1
1
1
1
1
1
2
1
1
1
1
1
1
1
1
1
1
7
12
2
2
1
1
1
1
1
1
1
1
1
1
1
1
1
1
1
1
1
1
1
1
1
1
1
1
1
1
1
1
1
1
1
1
1
1
2
1
1
1
1
1
1
1
1
1
1
1
1
1
1
1
1
1
1
1
1
1
1
1
1
1
1
1
4
1
2
2
1
1
1
1
1
1
1
1
1
1
1
1
1
1
1
2
1
1
1
1
1
1
1
1
1
1
1
2
1
1
3
6
1
2
1
2
1
1
1
1
1
1
1
1
1
1
1
1
1
1
2
1
1
1
1
1
1
1
1
1
1
1
1
1
1
1
1
1
1
1
1
1
1
1
1
1
1
1
1
1
1
1
1
1
1
1
1
1
2
1
1
1
1
1
1
1
1
1
1
1
1
1
1
1
1
1
1
1
1
1
1
1
1
1
1
1
1
1
1
1
1
1
1
1
1
1
2
3
1
2
2
12
1
1
1
5
1
1
1
1
1
1
1
1
13
1
1
1
1
1
1
1
1
1
1
1
1
1
1
1
1
1
1
1
1
1
1
1
1
1
1
1
2
1
1
1
1
4
1
1
1
1
2
1
1
1
1
1
2
1
1
1
1
1
1
1
1
1
1
1
4
3
1
1
1
1
1
1
1
1
1
1
1
1
1
1
1
9
1
1
1
1
1
1
1
1
3
1
1
1
1
1
1
2
1
1
2
1
1
1
1
1
1
1
1
1
1
1
1
1
1
1
1
1
1
1
1
1
1
1
1
1
7
1
1
1
1
3
1
1
1
1
1
1
1
1
1
1
1
1
1
1
1
1
1
1
1
1
1
1
1
1
2
3
7
1
23
2
1
1
1
1
1
1
1
1
1
1
1
1
1
1
1
1
1
1
1
2
1
1
1
1
1
1
1
1
1
1
1
1
2
1
1
1
1
1
1
1
1
1
1
1
1
1
1
1
1
1
1
2
1
1
1
1
1
1
1
1
1
2
1
2
1
2
1
1
3
1
1
1
1
2
1
1
1
1
1
1
2
1
1
1
1
1
1
1
1
10
4
1
3
1
2
2
2
2
1
1
1
2
1
1
1
1
1
1
1
1
1
1
1
1
1
2
1
1
1
1
1
2
1
2
1
1
1
1
2
1
1
1
1
1
1
1
1
1
1
1
2
1
1
1
1
1
1
1
1
1
1
2
2
1
1
1
1
1
1
1
1
1
2
1
1
1
1
1
1
1
1
1
1
1
1
1
1
1
1
1
1
1
1
1
1
1
1
4
1
1
1
1
1
1
6
4
1
1
1
1
1
1
1
1
1
1
1
1
1
1
2
1
1
1
2
1
2
1
1
1
1
13
2
1
1
1
1
1
1
1
1
1
1
1
1
1
1
1
1
1
1
1
1
1
1
1
1
1
1
1
1
1
1
1
1
1
1
1
1
1
1
7
1
1
1
1
1
1
1
1
1
1
1
1
1
1
1
1
1
1
1
2
1
1
4
7
1
1
1
1
1
1
1
1
1
1
1
1
1
1
1
1
1
1
1
2
1
1
1
1
1
1
1
1
1
1
1
1
1
1
1
1
1
1
1
1
1
1
1
1
1
1
1
1
1
1
1
1
1
1
1
1
1
1
1
1
1
1
1
1
1
7
1
1
1
1
1
1
1
1
1
1
1
1
1
1
1
1
1
1
1
1
1
1
1
1
1
1
1
1
1
1
1
1
1
1
1
1
1
1
1
1
1
1
1
1
1
1
1
1
1
1
1
1
1
1
1
1
1
2
1
1
1
1
1
1
1
1
1
1
1
1
1
1
1
1
8
2
1
1
1
1
1
1
1
1
1
1
1
1
1
1
1
2
3
3
1
2
1
1
1
1
1
1
1
1
1
1
1
1
1
1
1
8
5
1
1
1
1
1
1
1
1
1
1
1
2
1
1
1
1
1
1
1
1
1
1
1
1
1
1
1
1
1
1
1
1
1
1
1
1
1
2
1
1
4
1
2
3
1
1
1
1
1
1
12
12
1
1
1
1
1
1
1
1
1
1
1
1
1
1
1
1
1
1
1
1
1
1
1
1
1
1
1
2
2
2
3
1
1
1
1
1
1
1
1
1
1
1
1
1
1
1
1
1
1
1
1
1
1
1
1
1
1
1
1
1
1
1
1
1
1
1
1
1
1
1
1
1
1
1
1
1
1
2
1
1
1
1
1
1
1
1
1
1
1
1
1
1
1
1
1
1
1
1
1
1
1
1
6
2
1
1
1
1
1
1
1
1
1
1
1
2
1
1
1
1
1
1
1
1
1
1
1
1
1
1
1
1
1
1
1
1
2
1
1
1
1
1
1
1
1
1
1
1
1
1
1
1
1
1
1
1
1
2
1
1
1
1
1
1
1
1
1
1
1
1
1
1
1
1
1
4
1
1
1
3
5
2
2
1
1
1
1
2
1
1
1
1
1
1
1
1
1
1
1
1
1
1
1
1
1
2
3
3
1
1
1
1
1
1
1
1
1
1
1
1
1
1
1
1
5
2
1
1
1
1
1
1
1
1
1
1
1
1
1
1
1
1
1
1
1
1
1
1
1
1
1
1
1
1
1
1
1
1
1
1
1
1
1
1
1
1
1
1
1
1
1
1
1
1
1
1
1
1
1
1
1
1
1
1
1
1
1
1
1
1
7
1
1
1
1
3
2
4
1
1
1
1
1
1
1
1
1
1
1
1
1
1
1
1
1
1
1
1
1
1
1
1
1
1
1
1
1
1
1
1
1
2
2
1
2
1
1
2
1
2
2
1
1
1
1
1
1
1
1
1
1
1
1
1
1
3
5
1
1
1
1
1
1
3
6
1
1
1
1
1
1
1
1
1
1
1
1
1
1
1
1
1
1
1
1
1
1
1
1
1
1
1
1
1
1
1
1
